Demo Accounts:
68352319
*
mine
68343693
*
/////////////
Live Accounts
CVHZZ:
37385539
37385512
37385453
37385426
37384921
37351120
37382847
37381649
37382738
37354090
37382773
37381597
37375347
37374607
37366490
37381188
37371304

CXM:
628114
743742

VALETAX:
471053332

PAID OR SPECIAL APPROVE:
37386169
37359836

Auto Update Roboforex Clients:
# Last updated: 2026-09-05 08:45:03 PM
30281784
24224496
24224940
24226190
33183453
33183454
34172066
37209314
37346059
37346655
37346983
37347647
38064977
37355958
37381649
37399359
21581345
37351120
37357292
37381689
21581350
37351146
37357506
37382738
38069218
37351241
37357639
37382773
38070479
37351487
37357691
37382847
38070534
37352867
37357893
37384921
46154470
25355384
37352985
37358802
37385426
77053797
27428898
37353105
37360805
37385453
37353197
37361257
37385512
37353217
37366490
37385539
34034116
37353572
37370609
37386150
37354090
37371304
37386386
34189713
37354100
37374607
37387124
37354128
37375347
37394198
37355238
37381188
37394588
37355556
37381597
37396982
37351086
37355952
