Demo Accounts:
68333501
68338207
248031
37346059
*

/////////////
Live Accounts or Paid
CVHZZ:
37328379
37385539
37385512
37385453
37385426
37384921
37351120
37382847
37381649
37382738
37354090
37382773
37381597
37375347
37374607
37366490
37381188
37371304

CXM:
628114
743742

VALETAX:
471053332

Shomex:
37384744

Auto Update Roboforex Clients:

30281784
37355958
37381649
24224496
37351120
37357292
37381689
24224940
37351146
37357506
37382738
24226190
37351241
37357639
37382773
25355384
37351487
37357691
37382847
27428898
37352867
37352985
37357893
37384921
33183453
37353105
37358802
37385426
33183454
37353197
37360805
37385453
34172066
37353217
37361257
37385512
34189713
37353572
37366490
37385539
37209314
37354090
37370609
38064977
37328379
37354100
37371304
38069218
37346059
37354128
37374607
46154470
37346655
37355238
37375347
37346983
37355556
37381188
37347647
37355952
37381597
37351086
