client:
30281784
24224496
37351146
37357292
37381689
24224940
37351241
37357506
37382738
24226190
37351487
37357639
37382773
25355384
37352867
37357691
37382847
27428898
37352985
37357893
38064977
33183453
37353105
37358802
38069218
33183454
37353197
37360805
46154470
34172066
37353217
37361257
34189713
37353572
37366490
37209314
37354090
37370609
37346059
37354100
37371304
37346655
37354128
37374607
37346983
37355238
37375347
37347647
37355556
37381188
37351086
37355952
37381597
37351120
37355958
37381649